	X15.018_L0_G821_htseq.out	X15.018_L7_G821_htseq.out	X15.130_B0_G821_htseq.out	X15.130_B7_G821_htseq.out	X15.160_E0_G821_htseq.out	X15.160_E7_G821_htseq.out	X15.164_E0_G821_htseq.out	X15.164_E7_G821_htseq.out	X15.171_L0_G821_htseq.out	X15.171_L7_G821_htseq.out	X15.248_A0_G821_htseq.out	X15.248_A7_G821_htseq.out	X15.288_B0_G821_htseq.out	X15.288_B7_G821_htseq.out	X17.150_E0_G821_htseq.out	X17.150_E7_G821_htseq.out	X17.477_L0_G821_htseq.out	X17.477_L7_G821_htseq.out	X18.152_L0_G821_htseq.out	X18.152_L7_G821_htseq.out	X18.177_H0_G821_htseq.out	X18.177_H7_G821_htseq.out	X18.269_D0_G821_htseq.out	X18.269_D7_G821_htseq.out	X18.466_L0_G821_htseq.out	X18.466_L7_G821_htseq.out	X18.565_L0_G821_htseq.out	X18.565_L7_G821_htseq.out	X19.055_L0_G821_htseq.out	X19.055_L7_G821_htseq.out	X19.062_L0_G821_htseq.out	X19.062_L7_G821_htseq.out	X19.076_B0_G821_htseq.out	X19.076_B7_G821_htseq.out	X19.253_B0_G821_htseq.out	X19.253_B7_G821_htseq.out	X20.002_E0_G821_htseq.out	X20.002_E7_G821_htseq.out	X20.146_E0_G821_htseq.out	X20.146_E7_G821_htseq.out	X20.327_L0_G821_htseq.out	X20.327_L7_G821_htseq.out
HSP90AA1	17939	31759	16286	8615	9413	28155	11355	39374	12106	28122	20377	25936	21263	11864	12788	24644	14293	50329	21654	24035	27500	33702	18124	53634	18810	24742	19279	37965	18666	40080	21858	23390	15450	21213	15887	93527	15140	29313	31531	83575	21461	44443
ESR1	11	6	16	0	57	5	99	21	21	33	16	23	8	18	11	10	4	12	27	5	22	6	28	38	15	3	15	8	25	16	9	9	20	21	23	8	16	3	34	52	6	8
MAPK1	2154	1791	2003	597	1463	1025	1765	3079	1286	2683	2200	2252	1761	1553	2194	1981	2101	2196	2731	1296	3269	2760	1868	6659	2950	3824	2746	1493	1987	2874	2685	1695	2224	2156	2772	2697	1519	1190	1897	1700	1641	1977
HMOX1	1318	847	1974	320	1621	560	921	829	2678	1963	5099	595	2592	1487	268	742	840	632	2214	3024	2809	324	758	4958	1773	967	1216	576	1540	581	1347	247	2850	1563	1605	520	1081	949	2607	8141	1250	691
EP300	634	301	705	142	684	223	1075	1659	689	1768	1566	1807	793	985	1600	1438	929	1096	1252	260	1460	771	487	3062	1493	1635	953	318	381	867	984	1002	712	791	1502	585	560	201	683	666	540	1207
HIF1A	1294	621	1029	426	806	926	2803	1811	509	2273	1962	1536	1406	1444	415	665	1428	2414	1166	1682	1480	2013	1929	5132	1914	1239	2051	2007	1064	2315	1780	1066	982	2304	1632	2377	928	873	8012	8753	1044	1750
CCNE1	141	361	70	344	87	93	211	182	45	372	74	134	189	147	66	470	66	322	60	553	118	140	104	158	72	592	99	210	97	471	164	300	74	109	82	562	73	358	186	178	54	457
MET	606	4608	523	1364	536	1277	324	5913	339	5729	1129	1316	712	935	521	2282	773	3992	737	1622	1212	3040	656	2432	1245	9207	1333	3391	727	3885	1089	3118	653	1487	661	1661	760	3202	1663	1050	918	5620
NFKB1	1410	708	1014	308	898	372	1814	2017	669	1653	1298	1684	1312	937	1048	993	875	1410	1333	706	1790	1163	877	3644	1436	1891	1067	786	786	994	1364	1117	891	894	1335	1458	828	677	2238	1197	813	1023
IL2	0	0	1	0	6	0	10	1	0	7	7	5	0	2	0	2	9	5	3	0	1	3	1	15	4	1	7	2	6	3	1	0	5	1	7	2	9	2	9	1	2	4
CCND1	681	1846	340	595	841	284	485	2179	527	3828	986	2431	1025	707	1918	3632	868	2866	691	2113	591	1129	293	628	471	3792	802	619	270	1865	562	2240	405	1080	764	1176	419	746	2484	1786	405	2229
BIRC2	1180	1103	1346	329	1116	905	1122	1938	881	1644	1396	1131	1138	887	642	1174	1163	1456	1849	1063	1660	2262	1893	5782	2061	1504	1632	1283	2415	1832	1522	1267	1695	1483	1301	1320	1527	1360	1529	1270	1404	1650
HDAC1	6409	3941	4850	2172	3545	2477	3212	5189	3736	6453	3696	5259	6989	5191	2328	4280	4176	3625	4841	4576	10813	6181	4666	13759	6043	8597	5196	5912	5352	5205	8509	5259	5120	4490	5680	6969	3919	4684	3187	1926	5885	2628
PIK3CA	182	233	286	43	238	151	421	553	125	523	310	297	238	205	281	228	263	556	343	275	306	570	405	1115	430	534	418	333	308	811	241	325	274	388	326	312	217	435	455	458	289	530
CDK2	317	618	132	218	266	254	627	838	114	735	285	368	309	152	338	945	89	764	216	911	230	376	323	420	159	1135	251	911	194	915	293	804	135	339	206	1031	109	988	551	287	152	662
MAP2K2	4753	4888	3957	1958	3980	284	2593	2770	5960	4187	3629	2897	4711	3097	3575	12003	2622	2521	3320	2058	7192	2062	1870	6960	4386	4603	3190	1498	3249	4243	4354	3995	3539	1747	4316	2776	2896	1291	1745	1762	2684	1566
EGLN3	2975	209	2126	158	2374	735	348	2956	2687	1538	3475	950	1980	894	780	299	644	556	3250	301	4287	4048	694	8769	2378	133	554	628	2436	529	1106	782	3645	1844	1032	2113	1406	728	486	814	3287	386
RAF1	538	179	543	167	225	153	390	810	372	950	1032	706	730	542	531	701	529	772	637	582	1007	570	564	1862	868	955	693	594	397	693	809	714	531	565	821	461	438	746	553	505	424	606
TP53	1152	2179	411	185	951	119	1271	1499	445	1985	611	1124	450	602	540	881	245	297	569	294	770	947	347	964	525	1943	551	1473	346	2060	638	491	467	515	577	2387	346	914	536	607	238	849
ERBB2	5214	4161	4667	653	3220	418	498	5461	5268	4866	7790	5876	5207	3386	1819	7969	3232	1987	6504	3860	11003	4051	1818	15021	6061	5375	2761	2243	2928	3608	4046	3515	5978	3640	8156	3409	3630	1611	1233	1597	2362	4204
AKT1	1701	751	1384	591	1266	171	1324	2354	1845	2348	1855	2220	1742	1473	3441	3345	1520	2080	1589	1607	2283	1413	1250	3330	1971	1874	1846	919	1002	1678	2212	1702	1278	1172	1759	1700	1284	1075	1643	1472	961	1241
EGFR	862	703	1025	304	1043	551	385	1876	867	1754	1089	1149	1098	937	1288	1379	1015	1053	1760	615	2149	1244	680	5284	2394	1481	1466	628	1095	1256	1239	927	1207	759	1707	901	902	560	1133	336	816	622
BRAF	223	227	247	105	347	200	496	641	143	522	371	363	332	296	555	462	284	477	326	248	393	361	282	983	359	636	409	348	284	569	359	442	275	384	312	386	206	279	488	414	200	529
TERT	15	8	11	4	20	2	34	5	3	28	12	12	18	7	8	18	4	41	5	9	21	19	5	23	15	27	12	19	16	15	13	43	6	9	11	23	10	0	8	0	7	30
STAT3	2965	1831	3012	869	3217	495	4567	5903	2478	5177	6975	5078	3013	3626	4028	4312	2537	2693	2617	1259	5266	2955	1881	9245	4807	3137	3883	2280	1263	3060	3524	1496	1751	2610	3681	2525	1739	1250	6300	3483	2315	3741
AR	21	5	27	4	116	7	56	359	10	17	47	26	34	24	311	6	7	15	22	20	51	2	51	55	88	11	36	7	25	23	28	7	27	9	13	11	15	9	44	27	14	22
CXCL8	82	2121	91	3030	252	1854	905	1694	114	760	521	3356	17	83	32	1007	350	3174	66	12375	35	244	11191	167823	32	1066	1436	3897	143	1917	44	247	20	646	114	11063	39	1244	13323	116485	51	2306
JUN	2330	2292	6093	416	7614	484	4382	17181	5253	7742	11811	4849	4357	4704	40536	14084	3210	6026	6701	2403	4615	4671	2564	16426	8230	6094	2269	6386	2789	7145	2772	3201	2570	2932	7138	1123	6649	3363	5116	15683	4929	10960
RXRA	2076	1255	2139	185	1499	162	594	1546	2473	2062	2552	1526	1304	1191	2515	1898	1456	1426	2516	595	3452	886	679	6112	2567	1985	1031	679	815	1112	1064	1424	1284	694	2572	1019	963	610	834	867	962	674
EGLN2	41	23	30	2	39	2	130	34	19	170	91	90	247	110	90	38	38	65	58	33	120	40	48	220	58	128	54	50	42	132	102	194	51	83	88	84	42	18	32	81	63	75
