X24C_htseq.out	X24N_htseq.out	X27C_htseq.out	X27N_htseq.out	X29C_htseq.out	X29N_htseq.out	X30C_htseq.out	X30N_htseq.out	X31C_htseq.out	X31N_htseq.out	X32C_htseq.out	X32N_htseq.out	X33C_htseq.out	X33N_htseq.out	X34C_htseq.out	X34N_htseq.out	X35c_htseq.out	X35N_htseq.out	X36C_htseq.out	X36N_htseq.out	X37C_htseq.out	X37N_htseq.out	X38C_htseq.out	X38N_htseq.out	X39C_htseq.out	X39N_htseq.out	X41C_htseq.out	X41N_htseq.out	X42C_htseq.out	X42N_htseq.out	X43C_htseq.out	X43N_htseq.out	X46C_htseq.out	X46N_htseq.out	X47C_htseq.out	X47N_htseq.out	X49C_htseq.out	X49N_htseq.out	X50C_htseq.out	X50N_htseq.out	X51C_htseq.out	X51N_htseq.out	X53C_htseq.out	X53N_htseq.out
AKT1	3219	3420	3030	3234	5244	1803	1927	3214	3767	3288	2615	3782	3002	3509	4198	3110	2527	3190	1612	2202	1589	2081	1341	3093	1695	2441	4140	3216	2421	1989	2794	2676	5524	3613	4111	4641	2679	2874	3019	3005	3155	3370	2607	1907
AR	44	20	43	45	13	3	5	29	22	195	12	91	11	14	11	41	373	273	15	76	21	11	23	54	2	46	11	177	37	4	0	64	24	220	9	285	51	101	5	247	12	135	9	21
BIRC2	3388	5191	2944	3309	3306	5130	1951	5239	2931	3302	2882	6431	3926	3258	2879	4871	2326	3121	2554	3697	3429	3855	1963	4044	2709	2312	4231	4640	3545	3860	3623	2410	3850	4498	3251	5407	3536	3658	1059	2345	3308	3871	3150	3626
BRAF	1285	1008	841	849	1636	624	787	1174	1588	1074	1071	1245	1064	979	1491	979	952	944	946	739	1052	751	570	913	965	784	1521	1068	957	997	1187	844	2615	1255	2092	1219	1252	1138	911	1108	983	1231	1560	637
CCND1	5671	1807	3810	2337	2987	500	4037	672	5217	1187	4604	2062	1731	3169	2850	2057	3784	1402	4372	1103	2782	575	850	898	3148	1759	5353	1417	3809	1479	4912	1362	13633	1701	6817	2948	3608	887	4976	3139	3719	1142	7835	1252
CCNE1	633	169	326	149	458	128	463	106	474	188	1056	144	213	81	484	66	446	156	399	78	978	176	644	134	479	121	457	154	738	106	159	153	824	90	976	144	879	163	658	115	466	180	868	105
CDK2	1724	679	899	434	1492	371	861	338	1703	550	1897	376	655	260	1787	269	1191	530	731	230	2127	514	1160	235	1262	351	1935	297	1497	219	807	440	2519	453	2101	452	2486	558	1148	1147	1413	367	1772	265
EGFR	2941	5717	1892	3558	1997	1967	1301	6395	1699	3423	2340	7428	2341	6096	1986	7190	1662	2662	1849	3835	2813	2469	1566	5268	1054	3042	3089	4826	1762	3466	3211	3501	6062	4428	3272	8500	1142	3254	1723	3592	2111	4544	2286	3772
EGLN2	181	256	68	53	283	47	43	64	340	123	129	66	96	60	133	127	96	128	62	42	90	130	30	67	90	63	211	114	189	74	63	101	456	144	305	202	295	264	352	260	176	270	89	149
EGLN3	1036	3584	1342	1401	4387	6897	875	3260	474	2107	1257	7545	1896	2376	3504	7095	1043	2273	446	8443	363	3523	1113	5934	381	463	1265	7038	2349	814	2434	642	2149	9977	857	6820	1022	2435	315	1422	2211	5791	200	4812
EP300	2997	4479	2414	3204	4538	484	2335	4573	4187	3200	3863	5974	2190	3500	2338	4334	2223	2178	1740	2858	1233	1833	702	4039	978	1757	1437	3627	2584	3133	3183	2356	6006	3913	3468	4056	1463	2662	2081	2330	2999	3523	4817	2838
ERBB2	5635	13153	9443	6895	6153	4173	3315	12185	5728	8391	4951	15820	4078	5104	7933	13709	3942	4276	4028	10209	4767	6511	2788	14067	3449	2662	5556	11116	3879	4798	7381	4521	15141	8880	5841	10776	4815	10746	3036	3135	6119	17882	6398	7961
ESR1	5	41	33	19	132	17	43	17	41	26	4	34	5	5	17	20	14	53	10	31	11	32	8	37	4	21	24	40	17	13	3	22	48	53	1	170	21	44	3	181	100	84	11	21
HDAC1	8633	12332	9639	10946	10026	9740	6816	10169	9114	8627	12037	12270	14052	16488	13654	9658	7599	7978	4394	6556	13319	9642	8142	9803	8677	9420	15633	8124	5578	12853	10495	7010	11066	8562	14651	13781	10072	9860	7167	3149	10476	10406	13276	7216
HIF1A	6141	5558	4165	5355	7799	3015	5444	4307	6157	4293	5335	4618	14282	5956	7352	2752	3744	3228	1668	2581	2072	4520	2642	3929	5795	6285	6491	3388	6840	4899	3236	4752	4472	4216	5588	5628	5381	4395	2618	6752	7313	4077	3068	3117
HMOX1	1009	2913	1072	1884	973	3651	758	4148	992	1620	995	3317	3172	3968	1492	2404	907	1626	510	2574	672	1502	1103	6031	516	2446	435	3470	502	1759	318	1116	2403	3088	935	13240	494	1673	384	29623	1178	3716	977	1906
HSP90AA1	71561	41943	42439	47213	64938	30957	29329	37049	48288	27196	46784	54046	49643	38409	168250	34608	76765	43460	30409	24396	116015	33365	22377	30130	65495	21378	79026	25992	69942	22950	67576	22682	90469	36573	106225	35588	91172	30256	35554	24345	36056	25687	52974	17770
IL2	1	4	0	7	5	22	0	7	0	12	0	7	2	0	0	0	0	15	0	12	1	15	8	0	1	6	1	9	4	2	3	6	2	1	0	1	5	10	0	0	1	9	1	1
JUN	8344	10145	7596	10507	13825	4145	4180	14514	11234	13011	9804	9284	8421	13045	8632	11237	8960	9359	4296	19399	5896	5694	3006	7033	7324	10369	9475	15331	4448	2038	5905	3465	33617	13543	19273	23511	7993	3622	9477	16917	3611	8698	19592	8222
MAP2K2	3500	5224	5993	5181	3113	4206	2924	4801	4471	4247	4250	6637	4634	8173	4371	5763	2539	4224	2286	3815	3685	3022	2559	6799	2825	3446	3679	4986	2299	5262	2723	2924	6507	3751	5709	9244	4189	4303	3308	3638	2722	7527	3491	3332
MAPK1	5520	7018	4987	5563	6208	3785	3900	7203	5036	5935	6190	7614	6153	6772	5560	6305	4705	5305	3317	4513	5083	4639	2159	7193	3895	4266	4888	6108	5007	6268	5139	4706	6996	5518	6150	8239	4549	5012	3528	4012	5032	7108	9005	4536
MET	10080	2737	3474	2207	4287	1241	6036	2367	8024	1889	6467	2501	3606	6104	9538	2164	11726	1372	13015	1359	9551	1777	3250	2080	4887	3081	13439	1769	5844	4413	8963	2508	19864	2111	21869	1499	10818	1783	5939	1304	5698	1598	16003	1481
NFKB1	2611	3250	2060	2581	4037	1404	2526	3214	2061	2288	3263	3540	3078	2292	2804	2421	2202	2425	1485	2164	1403	2166	1267	2731	1573	1480	1725	2490	2095	1745	2973	1624	2743	2262	2936	3099	2748	2172	1894	2339	2614	2709	3898	1884
PIK3CA	1818	1296	988	1120	1299	577	872	1207	1200	1141	1021	1498	1035	864	1718	1063	1219	1124	824	897	929	693	459	970	882	771	1633	1172	1005	950	1107	956	1781	1359	1973	1571	1310	1082	538	1058	974	1114	1254	705
RAF1	1055	1870	970	1551	1906	1259	925	2054	1068	1634	1685	2014	1121	1282	2045	1744	1192	1333	655	1139	587	1079	751	1571	809	889	1576	1436	995	990	1093	1204	1732	1707	2407	1632	1029	1655	844	872	1392	1697	1725	1108
RXRA	1898	3811	2708	2980	2687	1140	1529	6376	2097	3395	2407	3477	2368	3879	1191	5463	1050	2205	958	3107	756	1979	490	6180	816	1272	1605	4337	1157	1852	1590	2096	2866	2719	2640	7535	1459	2158	1380	4119	1356	5151	2142	2441
STAT3	6772	8217	4954	6305	9082	1863	5533	6477	6845	5762	8371	8505	9569	12486	8087	7442	3880	4617	3635	4613	2066	4666	1997	8708	2689	6880	5426	5792	5463	4746	6674	6769	9682	6677	6034	16335	5077	6305	4628	10916	8027	9587	7705	4887
TERT	92	16	15	15	79	1	16	2	273	20	67	12	4	2	17	8	11	31	13	1	62	2	13	18	9	9	9	4	65	8	4	11	127	36	90	5	51	22	44	0	11	10	34	1
TP53	5124	1340	1818	1032	1217	467	1357	915	1529	1130	2441	1320	946	647	5226	723	1711	935	924	858	300	701	1163	979	1007	391	860	951	3673	506	2269	755	3710	1123	9941	838	3344	1029	3540	631	1714	1077	2424	622
